296,204,
264,334,
138,693,
712,756,
794,455,
816,743,
914,837,783,
602,892,
882,907,893,
881,898,926,903,
901,70,
736,932,
966,943,
843,967,
959,983,
987,852,989,
216,304,988,
1086,1063,
1265,1178,
1753,1638,1326,1327,
1412,1109,
1200,1462,
1489,1374,
1181,1783,
1176,1881,1796,
1864,1261,
1755,1895,
1678,1918,
1218,1919,
1945,1683,
2520,2043,
2525,2511,
2547,2255,
5606,2327,
2283,5614,
2554,7189,5615,
5618,2269,6118,
6034,2236,5621,
5625,6055,2343,
2104,5628,
2144,6019,5630,
5632,2233,
5640,7234,2147,6142,
6138,2178,5643,
2041,5646,
5648,2219,7240,
5649,2291,
5956,2431,
2207,5959,
2369,5963,5612,7181,
2185,7284,5966,
2004,5974,
5976,2290,7200,
5977,2170,
2313,5978,7247,
2308,5989,7228,
5992,7274,1996,
5993,2498,7285,
1985,7195,5996,
1977,5997,
6002,2206,
6003,2220,
6004,2485,
2032,6006,
6009,2443,
2412,6030,
6043,2142,
6052,2309,
7288,2478,6062,
6066,1983,
2544,6069,
1997,6070,
2121,6076,
2281,7253,6077,
2155,6084,
5617,6087,
2161,6091,
7259,6093,2278,
5626,6111,
6114,2067,
6116,2445,
7227,2468,6126,
2447,6127,
6128,6094,
6130,2102,
2317,6134,
2423,6135,
2360,6145,
2241,6146,
6149,2246,
2499,6150,
2504,6161,7265,
6168,2217,
2088,6169,
2409,6181,
2480,6221,
6241,2482,
2552,6251,
2562,6255,
6266,2378,
2257,6290,
2297,6295,
2432,6297,
5603,7182,
2448,7183,
7184,5613,
7185,5986,
7192,6018,
2272,7196,
7202,2335,
7203,5972,
6016,7204,
7205,6078,
5645,7206,
2266,7207,
7208,5969,
7210,1975,
6298,7211,
5964,7214,
6064,7215,
7217,2556,
7218,2118,
2450,7220,
7221,6254,
7225,2127,
7229,6198,
6112,7237,
6273,7243,
7244,2221,
6060,7245,
6155,7252,
7257,6022,
7260,6180,
7264,2332,
7272,6026,2149,
2109,7278,
7283,2311,
5634,7291,
2804,2630,
3185,3090,2987,2628,
2640,3250,3060,
3155,3076,
7365,5492,2999,5496,3198,
3348,3334,
3133,5487,
5488,2944,
6306,5491,3039,
2968,6315,5494,7319,
3065,5499,
5505,2873,
2827,7300,5511,
5512,2578,
5516,3015,
2710,5518,
5520,7337,2852,
5521,2851,
7441,2890,5526,
3058,5534,
5536,7343,2775,
5537,2959,
5540,2846,
2659,7428,5542,
2904,5543,
5544,3195,7372,
2705,5546,
5548,2901,
3097,5550,
5552,2586,7384,
7417,5555,3100,
2806,6309,5558,
5560,6323,2716,
5564,3191,
3001,5566,7438,
5568,3069,
2746,5570,
2811,5573,
3006,5575,
2699,5591,
5593,5517,
6338,5594,2566,
5598,2991,
6300,5527,
3005,6302,
6304,3012,
6307,2805,
2731,6311,
6313,3212,7294,3135,
2779,6316,
7356,6317,2958,
5553,6318,
5559,6319,
6324,2949,
6331,2975,
3002,6332,
3242,6340,
5581,6342,
3059,6349,
2919,6351,
6354,2666,
2671,6359,
3184,6365,
2764,6366,
6368,3064,
6369,2853,
6377,2834,7348,
7297,2985,
2960,7298,
3041,7302,
7304,3055,
7306,5501,
7308,3054,
3034,7310,
2859,7311,
3077,7318,
7321,3258,
2940,7326,
7329,2631,
3243,7333,
2736,7335,
7336,3303,
7338,2844,
7339,2990,
5489,7340,
3066,6356,7342,
7345,3270,
7346,6326,2822,
7352,6322,
3321,7354,
7357,3150,
7360,5569,
2828,7366,
7368,2684,
2600,7371,
6312,7373,
7380,3127,
3189,7381,
2982,7383,
5497,7387,3045,
7389,2718,
7392,2971,
7393,2847,
7395,3172,
7397,2574,
6375,7399,
7403,6350,
7405,5565,
5524,7406,
7408,2970,
6321,7410,
7411,2821,
2570,7414,
2663,7415,
2885,7422,
2784,6361,7423,
7426,2606,
7427,3230,
7429,3158,
2603,7431,
7432,6348,
7433,3085,
3096,7436,
3079,7439,
2641,7445,
2842,7446,
7448,2717,
5561,7450,
7451,3035,
2917,7454,
7457,2902,
3393,3389,
3457,3773,3487,
3553,3471,
3531,3630,
3575,3647,
3656,3616,4861,7566,
3706,3691,3797,
3723,3527,
3670,3726,
3729,3738,
3618,3749,
3778,3810,3786,3821,3694,3792,3766,3775,
3802,3788,3751,
3808,3397,
3668,3813,
3695,3823,
3697,3829,
3830,3831,
3836,3381,
3843,3765,
3528,4850,
4851,3549,
6386,3551,7474,4855,
4856,3714,7480,
4857,3579,7473,
3552,4858,
3445,4862,
4864,3562,7491,
4865,3598,
4866,3574,7551,
4872,3576,
3648,4873,
3475,4876,7558,
4880,3573,7502,
3512,4886,
4888,3362,
3498,4892,
4893,3485,
4896,3493,
4897,3761,7537,
4898,3563,7579,
3443,4901,
3613,4903,
7568,4907,3495,
4912,3456,
4917,3454,
3736,4932,
4933,3734,
4939,3492,7547,
3366,7574,4942,
3604,6382,
6385,7471,3623,
3395,6387,
3506,6389,
6394,4900,
6395,3476,
6397,3477,
3558,6398,
7464,4870,
7465,3674,
7466,3599,
3568,7469,
4875,7475,
4849,7477,
7489,3610,
7490,3378,
7499,4924,
3619,7503,
7506,3523,
7508,4950,
3676,7509,
3824,7510,
7520,3581,
7532,3372,
7539,3460,
4916,7550,
7557,6391,
7569,3399,
3621,7575,
3874,7646,7601,7604,4023,4126,
4172,4189,
6400,3953,
3961,6402,
4113,6405,
4064,6406,
4117,6407,
6410,3957,
3968,6414,
6416,4148,
4016,6417,
3969,6419,
3983,6423,
6426,3998,
4118,6431,
6435,4027,
6449,4066,
6473,4076,
4163,6475,
3904,6482,
3920,6489,
3977,6490,
4152,6491,
4050,6501,
6502,4159,
6507,4069,
4072,6508,
4200,6516,
7585,4110,
7592,4203,
7593,6443,
7595,4083,
3901,7605,
4010,7620,
3948,7621,
6418,7622,
7624,6459,
4024,7627,
4099,7630,
7641,3940,
7643,6445,
4178,7655,
7657,4026,
7660,6469,
4058,7661,
3987,7663,
4232,4233,4229,
4217,4234,
4339,4303,
4512,4212,4461,
4468,4494,
4610,4515,4583,4537,4222,
4547,4590,
4616,4546,
4625,4485,
4611,4631,
4698,4719,
6610,6522,5005,7694,
4998,6527,
6578,6525,
6601,6559,
6633,5017,
6545,7684,
5013,7686,
6536,7695,
7697,6615,
7704,6531,
7709,6623,
7713,6643,
7716,6637,
7720,4995,
5080,5762,7095,
5152,5763,
5131,5764,
5202,5771,
5096,7134,5775,
5072,5777,7155,
5113,7076,5780,
5794,5149,
5075,5804,6982,
5135,5807,
5808,5129,
5099,6966,5815,
5123,5823,
5824,5192,
5825,5124,
5062,5831,
5832,5150,
5106,5843,6981,
5194,5844,
5849,5238,
5220,5855,
5857,5067,
5144,5860,
5148,5885,
5889,5132,
6992,5891,5076,
5104,5901,
5904,5854,
5906,7042,5167,
5912,5200,
5913,5251,
5916,5215,
5173,5933,
5206,5942,
6953,5069,
5058,6954,
6955,5052,
5089,6956,
6958,5047,
6962,5119,
5116,6965,
6968,5065,
6969,5063,
6970,5068,
5056,6971,
5112,6972,
5070,6974,
5077,6975,
6977,5078,
6978,5051,
5050,6980,
6986,5156,
5947,6990,
5866,6991,
6994,5918,
5802,6997,
7011,5894,
7017,5793,
5161,7020,
5816,7029,
5097,7030,
7032,5091,
7035,5878,
5822,7038,
7048,7049,
5053,7055,
5209,7066,
5898,7068,
5107,7069,
5784,7070,
7072,5226,
5840,7074,
5884,7078,
5770,7079,
7090,5126,
7091,5830,
5136,7093,
7098,5103,
5853,7103,
7106,5927,
7107,5774,
7108,5814,
5768,7110,
5876,7111,
7113,5817,
5810,7114,
5087,7119,
7082,7123,7166,
7129,5246,
5915,7135,
7138,5806,
5863,7143,
5800,7145,
5837,7149,
5259,7151,
7152,5195,
7161,5133,
7165,5862,
5211,7167,
5873,7171,
7172,5110,
5313,5652,6871,
5298,5658,6738,
5665,5322,6821,
5402,5676,
5720,5401,
5725,5423,
5374,5734,
5422,5742,
5335,5743,
5753,6731,5388,
5304,6715,
6716,5295,
5746,6718,
6723,5292,
5306,6725,
6728,5755,
6729,5286,
5329,6733,
6746,5378,
5369,6750,
6752,5662,
6761,5737,
5370,6775,
6776,5450,
6779,5318,
5704,6790,
5433,6791,
6800,5332,
6804,5391,
6805,5439,
6809,5677,
6824,5685,
6825,5419,
6826,5357,
5669,6829,
6836,5445,
6864,6842,
5425,6874,
6875,5420,
6876,5663,
6885,5670,
5324,6894,
6904,5338,
5381,6911,
6916,5701,
6920,5698,
5317,6927,
6931,5399,
5749,6934,
6937,5396,
6677,7727,
7737,6674,